71.6187950266 80.1040764009 3.0000000000
72.6540712070 76.2403730957 4.0000000000
72.6540712070 76.2403730957 2.0000000000
71.6187950266 80.1040764009 2.0000000000
#

71.6187950266 80.1040764009 3.0000000000
75.4824983318 79.0688002204 4.0000000000
75.4824983318 79.0688002204 2.0000000000
71.6187950266 80.1040764009 2.0000000000
#

71.6187950266 80.1040764009 3.0000000000
74.4472221514 82.9325035256 2.0000000000
74.4472221514 82.9325035256 2.0000000000
71.6187950266 80.1040764009 2.0000000000
#

71.6187950266 80.1040764009 3.0000000000
70.5835188462 83.9677797060 4.0000000000
70.5835188462 83.9677797060 2.0000000000
71.6187950266 80.1040764009 2.0000000000
#

71.6187950266 80.1040764009 3.0000000000
67.7550917215 81.1393525813 4.0000000000
67.7550917215 81.1393525813 2.0000000000
71.6187950266 80.1040764009 2.0000000000
#

71.6187950266 80.1040764009 3.0000000000
68.7903679019 77.2756492761 4.0000000000
68.7903679019 77.2756492761 2.0000000000
71.6187950266 80.1040764009 2.0000000000
#

71.6187950266 80.1040764009 3.0000000000
72.6540712070 76.2403730957 4.0000000000
72.6540712070 76.2403730957 2.0000000000
71.6187950266 80.1040764009 2.0000000000
#

