80.1040764009 88.5893577751 3.0000000000
81.1393525813 84.7256544699 4.0000000000
81.1393525813 84.7256544699 2.0000000000
80.1040764009 88.5893577751 2.0000000000
#

80.1040764009 88.5893577751 3.0000000000
83.9677797060 87.5540815947 4.0000000000
83.9677797060 87.5540815947 2.0000000000
80.1040764009 88.5893577751 2.0000000000
#

80.1040764009 88.5893577751 3.0000000000
82.9325035256 91.4177848998 2.0000000000
82.9325035256 91.4177848998 2.0000000000
80.1040764009 88.5893577751 2.0000000000
#

80.1040764009 88.5893577751 3.0000000000
79.0688002204 92.4530610803 4.0000000000
79.0688002204 92.4530610803 2.0000000000
80.1040764009 88.5893577751 2.0000000000
#

80.1040764009 88.5893577751 3.0000000000
76.2403730957 89.6246339555 4.0000000000
76.2403730957 89.6246339555 2.0000000000
80.1040764009 88.5893577751 2.0000000000
#

80.1040764009 88.5893577751 3.0000000000
77.2756492761 85.7609306503 4.0000000000
77.2756492761 85.7609306503 2.0000000000
80.1040764009 88.5893577751 2.0000000000
#

80.1040764009 88.5893577751 3.0000000000
81.1393525813 84.7256544699 4.0000000000
81.1393525813 84.7256544699 2.0000000000
80.1040764009 88.5893577751 2.0000000000
#

