88.5893577751 80.1040764009 3.0000000000
89.6246339555 76.2403730957 4.0000000000
89.6246339555 76.2403730957 2.0000000000
88.5893577751 80.1040764009 2.0000000000
#

88.5893577751 80.1040764009 3.0000000000
92.4530610803 79.0688002204 4.0000000000
92.4530610803 79.0688002204 2.0000000000
88.5893577751 80.1040764009 2.0000000000
#

88.5893577751 80.1040764009 3.0000000000
91.4177848998 82.9325035256 2.0000000000
91.4177848998 82.9325035256 2.0000000000
88.5893577751 80.1040764009 2.0000000000
#

88.5893577751 80.1040764009 3.0000000000
87.5540815947 83.9677797060 4.0000000000
87.5540815947 83.9677797060 2.0000000000
88.5893577751 80.1040764009 2.0000000000
#

88.5893577751 80.1040764009 3.0000000000
84.7256544699 81.1393525813 4.0000000000
84.7256544699 81.1393525813 2.0000000000
88.5893577751 80.1040764009 2.0000000000
#

88.5893577751 80.1040764009 3.0000000000
85.7609306503 77.2756492761 4.0000000000
85.7609306503 77.2756492761 2.0000000000
88.5893577751 80.1040764009 2.0000000000
#

88.5893577751 80.1040764009 3.0000000000
89.6246339555 76.2403730957 4.0000000000
89.6246339555 76.2403730957 2.0000000000
88.5893577751 80.1040764009 2.0000000000
#

