80.1040764009 71.6187950266 3.0000000000
81.1393525813 67.7550917215 4.0000000000
81.1393525813 67.7550917215 2.0000000000
80.1040764009 71.6187950266 2.0000000000
#

80.1040764009 71.6187950266 3.0000000000
83.9677797060 70.5835188462 4.0000000000
83.9677797060 70.5835188462 2.0000000000
80.1040764009 71.6187950266 2.0000000000
#

80.1040764009 71.6187950266 3.0000000000
82.9325035256 74.4472221514 2.0000000000
82.9325035256 74.4472221514 2.0000000000
80.1040764009 71.6187950266 2.0000000000
#

80.1040764009 71.6187950266 3.0000000000
79.0688002204 75.4824983318 4.0000000000
79.0688002204 75.4824983318 2.0000000000
80.1040764009 71.6187950266 2.0000000000
#

80.1040764009 71.6187950266 3.0000000000
76.2403730957 72.6540712070 4.0000000000
76.2403730957 72.6540712070 2.0000000000
80.1040764009 71.6187950266 2.0000000000
#

80.1040764009 71.6187950266 3.0000000000
77.2756492761 68.7903679019 4.0000000000
77.2756492761 68.7903679019 2.0000000000
80.1040764009 71.6187950266 2.0000000000
#

80.1040764009 71.6187950266 3.0000000000
81.1393525813 67.7550917215 4.0000000000
81.1393525813 67.7550917215 2.0000000000
80.1040764009 71.6187950266 2.0000000000
#

