84.3467170880 75.8614357137 1.0000000000
88.5893577751 80.1040764009 2.0000000000
80.1040764009 88.5893577751 2.0000000000
75.8614357137 84.3467170880 1.0000000000
#

84.3467170880 75.8614357137 1.0000000000
88.5893577751 80.1040764009 0.0000000000
80.1040764009 88.5893577751 0.0000000000
75.8614357137 84.3467170880 1.0000000000
#

84.3467170880 75.8614357137 1.0000000000
80.1040764009 71.6187950266 0.0000000000
71.6187950266 80.1040764009 0.0000000000
75.8614357137 84.3467170880 1.0000000000
#

84.3467170880 75.8614357137 1.0000000000
80.1040764009 71.6187950266 2.0000000000
71.6187950266 80.1040764009 2.0000000000
75.8614357137 84.3467170880 1.0000000000
#

84.3467170880 75.8614357137 1.0000000000
88.5893577751 80.1040764009 2.0000000000
80.1040764009 88.5893577751 2.0000000000
75.8614357137 84.3467170880 1.0000000000
#

