17.0000000000 17.0000000000 10.5000000000
20.0000000000 20.0000000000 21.0000000000
20.0000000000 20.0000000000 21.0000000000
17.0000000000 23.0000000000 10.5000000000
#

17.0000000000 17.0000000000 10.5000000000
26.0000000000 14.0000000000 0.0000000000
26.0000000000 26.0000000000 0.0000000000
17.0000000000 23.0000000000 10.5000000000
#

17.0000000000 17.0000000000 10.5000000000
14.0000000000 14.0000000000 0.0000000000
14.0000000000 26.0000000000 0.0000000000
17.0000000000 23.0000000000 10.5000000000
#

17.0000000000 17.0000000000 10.5000000000
20.0000000000 20.0000000000 21.0000000000
20.0000000000 20.0000000000 21.0000000000
17.0000000000 23.0000000000 10.5000000000
#

17.0000000000 17.0000000000 10.5000000000
20.0000000000 20.0000000000 21.0000000000
20.0000000000 20.0000000000 21.0000000000
17.0000000000 23.0000000000 10.5000000000
#

