150.0000000000 95.7573593129 10.5000000000
150.0000000000 100.0000000000 21.0000000000
150.0000000000 100.0000000000 21.0000000000
145.7573593129 100.0000000000 10.5000000000
#

150.0000000000 95.7573593129 10.5000000000
158.4852813742 100.0000000000 0.0000000000
150.0000000000 108.4852813742 0.0000000000
145.7573593129 100.0000000000 10.5000000000
#

150.0000000000 95.7573593129 10.5000000000
150.0000000000 91.5147186258 0.0000000000
141.5147186258 100.0000000000 0.0000000000
145.7573593129 100.0000000000 10.5000000000
#

150.0000000000 95.7573593129 10.5000000000
150.0000000000 100.0000000000 21.0000000000
150.0000000000 100.0000000000 21.0000000000
145.7573593129 100.0000000000 10.5000000000
#

150.0000000000 95.7573593129 10.5000000000
150.0000000000 100.0000000000 21.0000000000
150.0000000000 100.0000000000 21.0000000000
145.7573593129 100.0000000000 10.5000000000
#

