100.0000000000 64.0000000000 5.5000000000
106.0000000000 64.0000000000 11.0000000000
106.0000000000 76.0000000000 11.0000000000
100.0000000000 76.0000000000 5.5000000000
#

100.0000000000 64.0000000000 5.5000000000
106.0000000000 64.0000000000 0.0000000000
106.0000000000 76.0000000000 0.0000000000
100.0000000000 76.0000000000 5.5000000000
#

100.0000000000 64.0000000000 5.5000000000
94.0000000000 64.0000000000 0.0000000000
94.0000000000 76.0000000000 0.0000000000
100.0000000000 76.0000000000 5.5000000000
#

100.0000000000 64.0000000000 5.5000000000
94.0000000000 64.0000000000 11.0000000000
94.0000000000 76.0000000000 11.0000000000
100.0000000000 76.0000000000 5.5000000000
#

100.0000000000 64.0000000000 5.5000000000
106.0000000000 64.0000000000 11.0000000000
106.0000000000 76.0000000000 11.0000000000
100.0000000000 76.0000000000 5.5000000000
#

