117.0000000000 154.0000000000 10.5000000000
120.0000000000 154.0000000000 21.0000000000
120.0000000000 166.0000000000 21.0000000000
117.0000000000 166.0000000000 10.5000000000
#

117.0000000000 154.0000000000 10.5000000000
126.0000000000 154.0000000000 0.0000000000
126.0000000000 166.0000000000 0.0000000000
117.0000000000 166.0000000000 10.5000000000
#

117.0000000000 154.0000000000 10.5000000000
114.0000000000 154.0000000000 0.0000000000
114.0000000000 166.0000000000 0.0000000000
117.0000000000 166.0000000000 10.5000000000
#

117.0000000000 154.0000000000 10.5000000000
120.0000000000 154.0000000000 21.0000000000
120.0000000000 166.0000000000 21.0000000000
117.0000000000 166.0000000000 10.5000000000
#

117.0000000000 154.0000000000 10.5000000000
120.0000000000 154.0000000000 21.0000000000
120.0000000000 166.0000000000 21.0000000000
117.0000000000 166.0000000000 10.5000000000
#

